A{1} = [3 4 ];
B{1} = [2 3 ];
A{2} = [1 2 ];
B{2} = [4 5 6 ];
